# The modifications of the output file from Kalibr:
# 1. For each matrix (e.g. cam0/T_cam_imu), remove the brackets and minus sign for each line. Use one pair of brackets for each matrix.
# 2. Add the T_imu_body at the end of the calibration file (usually set to identity).
cam0:
  T_cam_imu:
    [-0.00413442000000000, -0.999931000000000, 0.0110338000000000, 0.286168710991800,
     -0.0196634000000000, -0.0109505000000000, -0.999747000000000, -0.0505799347905000,
     0.999798000000000, -0.00435034000000000, -0.0196168000000000, -1.73960245702082,
     0, 0, 0, 1]
  camera_model: pinhole
  distortion_coeffs: [-0.056143027800000002,0.13952563200000001,-0.0012155906999999999,-0.00097281389999999998, -0.0809]
  distortion_model: radtan
  intrinsics: [816.90378992770002,811.56803828490001,608.50726281690004,263.47599764440002]
  resolution: [1280, 560]
  timeshift_cam_imu: 0.0
cam1:
  T_cam_imu:
    [-0.00767971269727577, -0.999884203537999, 0.0131698238423490, -0.182633426115016,
     -0.0150873307351343, -0.0130528850421298, -0.999801291235473, -0.0591045767787827,
     0.999856578713404, -0.00787688876551566, -0.0149853721182462, -1.73630407593479,
     0, 0, 0, 1]
  T_cn_cnm1:
    [0.999991433056271, -0.00206628189936390, -0.00358668275403553, -0.5474,
     0.00208271975876073, 0.999987318309474, 0.00458535698004721, -0.00114459438727664,
     0.00357716262870483, -0.00459278775259222, 0.999983054960526, 0.00201292853023105,
     0, 0, 0, 1]

  camera_model: pinhole
  distortion_coeffs: [-0.054921981799999998, 0.14243657430000001,0.000075412299999999996,-0.00067560530000000001, -0.0857]
  distortion_model: radtan
  intrinsics: [813.78205539589999,808.52165574269998,613.86419539320002,249.41049348650000]
  resolution: [1280, 560]
  timeshift_cam_imu: 0.0
T_imu_body:
  [1.0000, 0.0000, 0.0000, 0.0000,
  0.0000, 1.0000, 0.0000, 0.0000,
  0.0000, 0.0000, 1.0000, 0.0000,
  0.0000, 0.0000, 0.0000, 1.0000]

