# The modifications of the output file from Kalibr:
# 1. For each matrix (e.g. cam0/T_cam_imu), remove the brackets and minus sign for each line. Use one pair of brackets for each matrix.
# 2. Add the T_imu_body at the end of the calibration file (usually set to identity).
cam0:
  T_cam_imu:
    [-0.99994, -0.00625677, 0.00904419, 0.0106993522495031, 
      0.00627, -0.999979, 0.00143543, -6.70890585752204e-05, 
      0.00903503, 0.00149205, 0.999958, -9.66747757047415e-05,   
      0, 0, 0, 1]
  camera_model: pinhole
  distortion_coeffs: [-0.00738691398873925, 0.0446938313543797, -0.0414241105318069, 0.00722223892807961]
  distortion_model: equidistant
  intrinsics: [284.720886230469,284.767700195312,418.463714599609,390.740112304688]
  resolution: [848, 800]
  timeshift_cam_imu: 0.0
cam1:
  T_cam_imu:
    [-0.999977, -0.00673547, 0.000492997, -0.0534673109650612,   
      0.00673707, -0.999972, 0.00333195, -2.1927460693405e-05,  
      0.000470541, 0.00333519, 0.999994, 0.000190727296285331,
      0, 0, 0, 1]
  T_cn_cnm1:
    [0.999963, -0.000479601, -0.0085638, -0.0641656368970871, 
      0.000495364, 0.999998, 0.00183874, -0.000387990585295483, 
      0.0085629, -0.00184292, 0.999962, -0.000255916937021539,
     0, 0, 0, 1]

  camera_model: pinhole
  distortion_coeffs: [-0.00608643004670739, 0.0414131283760071, -0.0387312583625317, 0.00648404192179441]
  distortion_model: equidistant
  intrinsics: [285.877990722656,285.913513183594,422.343902587891,393.799987792969]
  resolution: [848, 800]
  timeshift_cam_imu: 0.0
T_imu_body:
  [1.0000, 0.0000, 0.0000, 0.0000,
  0.0000, 1.0000, 0.0000, 0.0000,
  0.0000, 0.0000, 1.0000, 0.0000,
  0.0000, 0.0000, 0.0000, 1.0000]

