# The modifications of the output file from Kalibr:
# 1. For each matrix (e.g. cam0/T_cam_imu), remove the brackets and minus sign for each line. Use one pair of brackets for each matrix.
# 2. Add the T_imu_body at the end of the calibration file (usually set to identity).
cam0:
  T_cam_imu:
    [-0.00680505212498544,   -0.999976638074797,   -0.000230382531092229,   0.259021424413118,
     -0.0153216162983576,   0.000334626985508865,   -0.999882124089179,    -0.0897225438783922,
     0.999868921882507,   -0.00680072414359568,   -0.0153235602490900,   -1.71225888458580,
                    0,                       0,                   0,                   1]
  camera_model: pinhole
  distortion_coeffs: [-0.05004, 0.12, -0.000625981, -0.00118251, -0.063505208]
  distortion_model: radtan
  intrinsics: [816.402, 817.384, 608.8266, 266.6887]
  resolution: [1280, 560]
  timeshift_cam_imu: 0.0
cam1:
  T_cam_imu:
    [-0.00988446996715863,   -0.999948820864423,   -0.00207171107095374,   -0.217429495943384,
    -0.0187137125744314,   0.00225643225946899,   -0.999821900420866,   -0.0854995543462456,
    0.999785484902664,   -0.00984391613029526,   -0.0187350500386872,   -1.70672705032653,
    0,   0,   0,   1]
  T_cn_cnm1:
    [0.999993563047836,   0.00188830371328086,   -0.00305092969113906,   -0.481503811105113,
    -0.00189869176571048,   0.999992398468884,   -0.00340557983724581,   -0.00111712498437710,
    0.00304447573034955,   0.00341135069077362,   0.999989546872362,   0.00503142642037858,
    0,   0,   0,   1]
  camera_model: pinhole
  distortion_coeffs: [-0.0594987969,  0.1606367712, 0.000458583, -0.0017561082, -0.1095237358]
  distortion_model: radtan
  intrinsics: [815.73555, 816.90138, 605.5182, 258.8642]
  resolution: [1280, 560]
  timeshift_cam_imu: 0.0
T_imu_body:
  [1.0000, 0.0000, 0.0000, 0.0000,
  0.0000, 1.0000, 0.0000, 0.0000,
  0.0000, 0.0000, 1.0000, 0.0000,
  0.0000, 0.0000, 0.0000, 1.0000]

